5761
144321 241985
811657 157898
65570 300214
74134 571821
581604 430194
436633 382996
744624 772369
97417 631302
16769 423610
797426 761332
147378 625356
842975 103829
533752 692018
320729 849264
156291 632282
111437 155093
907279 966957
556930 480518
910121 398156
46884 405425
875459 933310
55996 200234
667200 600947
299584 707369
69427 167387
730282 743332
226605 546514
300567 642898
680706 1523
885508 675377
289062 950741
302914 545479
545410 414769
666986 598391
392480 308074
54897 319465
802961 332972
92091 379315
54880 190541
726013 436092
799403 51997
918102 998495
65705 970645
135465 220476
196027 215710
947531 831365
801254 974293
576101 372655
462268 68951
387453 820909
927601 562509
712160 895216
868399 855823
730540 956104
99148 239302
298909 571704
711825 345231
220602 62845
569007 498660
780911 468584
260072 934885
716106 362919
549764 271591
202724 366955
767075 416721
347444 411068
677357 93643
213092 7637
749660 949780
71704 981998
134691 673729
976062 556300
13418 497126
572817 938241
151064 993277
571467 672876
494481 330433
302180 30247
547140 848490
431097 912611
658316 302892
304155 375725
398518 18098
949021 705539
308922 890861
883651 158485
978902 5703
296510 12662
88490 249957
874673 414914
948153 536183
536803 417213
591818 209812
373484 901787
324423 597633
183867 72802
939082 511091
368074 179658
586344 319590
109024 441830
733347 420348
817321 536012
775726 555001
280513 995589
495902 741795
224866 863266
703284 796914
14009 398450
486498 567457
403435 867677
374696 624517
565402 665181
763130 615427
693309 649140
380940 40704
928420 778352
885857 193870
489055 200948
747758 262418
384759 808871
4527 718315
670870 918853
790702 933476
989721 19530
381376 175006
764287 859456
394381 952658
756163 851428
896242 846538
802280 23548
405209 64629
450913 336492
766867 457547
824616 155162
115532 632431
615680 294254
116045 684003
579387 999695
628648 330631
109064 597133
409140 979076
756723 995257
188087 245781
1607 451343
948708 663752
361668 553519
504310 795974
665485 987449
381399 365539
319978 881004
962170 181057
853969 620733
191930 483383
286392 439481
62995 971818
443041 297131
876642 245572
875597 729203
951034 568696
285392 766230
878794 964857
396302 502624
266946 31480
743357 38982
340005 937434
85764 303074
114236 828460
352341 803874
205608 561685
635551 365809
438478 902799
149248 913161
616171 566466
140347 712792
537715 868578
703463 176417
529605 58239
261172 278729
853482 14980
315707 93935
878439 34450
692707 907518
594876 335403
270941 847646
748810 349063
529333 929078
677315 937193
648624 181984
535393 908698
1750 399816
592911 493684
835366 13324
225862 236006
588447 640988
251714 275372
922796 203342
808340 857511
110447 816544
68044 395815
552522 914540
710270 424871
650492 841679
914922 405901
827698 947393
308612 76588
362625 996783
732163 170962
311185 658905
722263 114780
659002 582577
774338 853264
62665 230334
311408 185221
915252 945268
215744 892767
471255 30259
713693 556764
783948 405966
169716 351759
57331 878929
119081 972650
309350 420446
24365 333326
947877 951340
394030 314549
85587 750603
761172 145292
588053 553464
249055 612977
461323 157794
712862 130577
545334 947582
193144 110350
875693 308314
691056 150771
824135 612372
733630 485000
615641 374562
891657 770163
924088 612910
354282 15708
631740 261620
119877 884686
973120 969768
287948 817190
785798 13322
743993 529812
841864 163608
182768 224863
319361 752758
876674 6665
169512 108521
312013 206352
207555 125048
882880 584193
110596 71994
772150 504757
452289 798436
979969 809842
170347 848928
807896 237138
14063 820934
325677 948521
804860 466915
638770 711963
496164 944413
992593 989030
31148 812858
268741 23222
950027 569683
634529 778055
228243 278997
189325 299162
357539 654325
200184 505994
171702 240225
179072 86216
737401 633038
455546 86208
488131 14912
759707 401550
504590 197358
255904 203218
718183 329142
505809 388312
608020 290986
659406 656529
604118 165447
571740 802741
905647 550965
401462 507150
824540 142049
940990 865165
899953 140203
668953 733248
930207 598529
815252 794889
38865 336154
294037 391044
903507 690139
727614 609942
990207 461465
180281 602677
768613 802569
370560 768580
341153 32501
259791 727024
627338 332219
307397 952092
996909 481866
957929 363264
325903 87734
384499 890054
1940 20156
821928 982141
658455 45246
255446 120853
544824 938988
336467 812081
111438 47165
677459 166869
696010 624103
950436 978357
810257 925908
465099 392792
627846 161989
206642 282578
208560 808324
715905 721263
922574 627359
105056 392242
959057 929411
555669 110568
337002 471832
497186 319589
18530 574199
947388 436708
788731 558763
594896 576704
139297 956894
609284 260624
816005 674776
808168 298701
508677 1341
505778 218910
784767 878408
279880 253352
197887 855670
885336 134648
783095 475099
23967 159223
846056 798393
300019 442176
740225 395263
321504 179265
210281 776869
248695 786673
890951 819866
296118 788102
11737 453172
860215 187649
588129 912103
578983 53996
813698 190093
952056 245877
353254 369633
340644 444501
269627 885182
226014 854073
441401 471826
34184 655644
932717 908157
300365 133070
439096 287631
659428 858704
281561 456225
392007 683414
101755 953192
212770 363947
589705 32310
256820 901882
5643 540224
258986 261469
614310 520475
638424 538453
961479 635965
325354 513364
544861 395662
381413 895399
729378 104390
701778 202325
596435 416976
616272 647108
122462 342866
267629 503041
671455 9525
438525 109277
682593 319311
171932 135054
521235 460584
348644 424651
940097 182242
950605 859867
910856 659033
281541 400761
766570 77914
551390 233772
516242 124967
406022 101571
243162 636070
390470 426616
343938 905970
127584 479461
250776 69687
130349 278615
999086 784210
763401 40924
292342 31432
224563 539856
856737 444337
339204 222446
689899 228368
122689 336002
468034 250899
599089 897926
489733 2452
339345 444275
141322 842164
718043 430413
312270 257160
173419 882195
995587 254352
987753 934787
449854 78756
776801 12874
171529 650899
627469 178719
694222 293958
356052 323379
635253 192815
46913 891204
947979 360131
746684 157811
546901 632925
949951 347864
225494 444356
346071 802247
379897 14501
372932 632390
44208 948671
863946 367398
158010 794407
755926 442783
491164 1004
655482 909779
111263 135659
332129 682794
469284 869478
2391 786273
718365 278614
905521 702728
815382 720722
543492 368028
295240 120399
151871 785791
247695 607676
662478 359426
549745 844480
910969 316104
182686 164797
391631 738550
953795 675690
618375 550740
156122 292826
278086 228993
928892 929476
125151 820313
275860 32167
675472 302276
394156 501276
756590 767816
100243 769596
291113 328506
706978 448196
681210 514325
165025 288477
312696 515653
680749 188666
219831 968682
907293 359820
709062 221226
256475 658053
838776 487808
246044 284258
645990 988334
213967 279039
871996 209767
854147 912583
109161 245493
800332 69487
810753 202472
593285 919070
163141 488123
794954 592691
493869 988536
596719 185022
639881 777189
828105 529442
570062 413311
642155 595768
92840 653668
877579 675623
972758 119864
595526 491789
32100 528251
536468 3641
133013 358663
629094 537487
20302 355433
967916 186231
588994 71218
65430 854112
741157 751740
483131 126246
865066 249769
852547 511119
96123 832673
443302 722137
17573 785139
804614 752960
251213 162982
785144 920262
363217 940708
295148 516925
161035 285684
116040 725473
855513 710579
838932 667357
472075 294615
19811 171564
577904 171054
254950 813446
613575 615492
60351 796612
103480 856517
346882 885081
673987 907804
843844 297882
679394 467269
366126 449136
288311 309656
925194 760733
869748 605578
998552 149656
938943 978890
90014 377961
71415 978618
908411 618183
387969 718484
823272 498779
77130 783184
801719 931510
553833 510369
619396 51341
439406 960442
878807 864386
56863 119230
322846 259626
390893 735523
491183 549425
798411 981662
350272 253730
763834 836779
861950 188605
632575 982676
417594 574271
954428 307255
325949 179641
558078 488282
640342 536354
863927 92887
616402 88524
196140 798240
112130 767306
671405 717318
631991 249642
927795 775174
600964 360410
23660 380038
17433 908686
991722 966998
439297 625481
649558 807929
555291 938987
496930 157335
513085 295480
942625 654328
584493 967213
214292 769502
394864 934566
678100 182776
922972 761459
403177 611154
993166 35136
829660 457338
398402 986232
743691 302799
352473 503390
293531 637639
637272 738818
853968 91414
845128 571870
319645 483195
786292 80626
359938 940227
653147 328121
995110 363365
512022 32618
899535 447818
399957 426640
443584 620807
444392 57777
618595 351009
285449 279815
471562 63379
29539 20135
328643 738552
432823 79912
960325 305214
277744 552022
100987 975694
50468 251812
789833 90091
535280 908225
391746 688582
620717 487795
557792 884274
849090 566615
926120 108366
63592 303230
379287 386809
971677 79073
536272 273622
354198 300968
221692 122451
122181 488328
809361 472563
510817 953935
667811 75212
426048 785654
874967 605235
3716 55548
268712 494692
194995 580196
493152 746761
674542 833703
504679 310723
487713 242344
30583 851514
458759 480518
254200 114804
310933 60788
496488 384562
787905 237263
854414 510578
664776 217443
666934 318069
164066 306884
737906 421901
86078 837655
33991 470831
28149 505982
826162 996822
697084 648080
748609 384157
127404 988989
82037 439169
60384 303620
393317 332605
134606 827638
550519 521281
740899 307579
263547 872697
508181 180922
31562 725187
616736 429276
634863 37500
619492 431260
134675 379970
932641 360433
209998 650885
516999 137109
139480 121325
338514 659800
40062 768723
163674 412070
987285 544868
604809 436806
835409 435821
796544 854627
258225 497813
980012 295472
269540 438983
424248 729852
406150 34740
368315 737338
127659 826612
493998 709831
364883 610300
227811 863649
769315 581378
145271 178646
383433 363693
677391 366948
344850 505616
943661 759410
892394 114171
102683 762666
906853 150130
314390 704234
875537 558846
701758 954935
908587 332971
256926 862141
870220 217626
761289 871485
408489 886920
324607 567510
247260 219342
398037 240808
158571 925001
488617 521374
434004 311937
197111 982818
829982 44391
97592 39810
163933 566484
682599 157558
690627 815563
45589 314809
606706 697771
111381 73833
724098 714952
73441 924570
245924 360633
281385 843896
847472 644728
753053 328400
687688 916792
262001 589048
326800 585304
246845 347073
947437 322353
538375 421268
986146 287921
250304 787155
781865 202758
416367 962366
795408 505192
589082 265363
853779 992950
127843 902820
347971 433542
399322 101522
37338 809185
394168 390671
829670 700896
171115 397739
596699 562387
613636 98488
610447 20920
879749 364586
752016 8089
774381 533714
585392 85596
150252 257920
61106 910606
308108 533390
892308 629536
662282 452261
194945 212001
511334 165680
699902 631089
246346 22159
748174 124930
221957 250578
274211 255145
756923 676836
740306 363481
882378 290165
16707 978643
154064 590423
511059 672278
192084 782595
287155 262452
882333 820345
20943 101302
543362 946140
239750 897937
55621 85747
656996 784981
621440 551683
529366 895032
75438 456536
885004 359373
364589 138626
735857 918884
759204 56354
855334 935232
922203 202107
778639 985947
355505 211527
303643 587452
78566 476994
17495 567585
318607 810242
252112 669319
707610 595317
138315 488228
824085 650712
505535 855257
934708 636737
172282 878790
155082 259584
164774 243495
192621 227844
196135 84755
118024 99103
537823 680216
465889 3763
714830 998994
103624 526288
975802 454394
614018 440203
288200 116457
547655 519428
29680 756100
910379 882497
406543 968367
215297 974627
436454 845251
755299 352279
977489 491142
705614 51116
282909 19116
771105 444440
758536 410835
833119 727770
551066 766028
951740 133287
101548 124245
118091 160322
299899 36612
547595 635243
933924 540856
768767 202439
616963 19749
547703 338926
647010 522322
23231 918648
578727 267611
78935 440852
423230 928420
272783 661607
599396 196119
741302 744788
189957 69914
372548 673610
998128 300646
152793 18396
745376 379120
214539 975844
506668 139438
116174 600472
443835 440896
285172 892367
296598 134337
494963 905186
72653 646970
976671 671223
811721 502137
857814 173926
779536 164555
667469 154320
455721 87234
630601 254590
787773 662075
256012 235647
414573 380080
6751 758323
71617 772100
336608 859388
588464 721519
438921 194253
960497 635436
470436 817164
902455 886741
554079 367910
238774 482897
911378 722030
995955 684019
754053 545276
789687 617418
811467 766323
582006 253529
934894 527932
336972 315896
692149 243664
990930 229968
905841 696032
717376 811215
955044 620010
427476 44003
556948 774654
411268 768095
484820 884766
340456 721632
561651 422755
160974 792944
980678 823499
267699 489676
878321 747325
291457 772478
687760 786512
540241 626512
92296 890277
640676 823217
687991 96886
119909 243116
495823 902654
232458 141154
545309 17643
737413 931362
972058 332188
364689 519622
197970 219985
544198 715439
910353 235955
438706 997120
86227 592855
902390 867203
977150 854901
293694 301015
950966 631685
253804 389063
662999 827931
855534 633945
802901 191157
379329 977212
722683 191447
86050 369630
204044 678647
360872 328247
410602 779821
971007 55538
511872 935830
461901 96456
953824 655400
311584 474300
685048 171744
583189 994248
216115 86360
691096 208080
219885 772177
85675 260555
5543 4234
357017 737485
743675 842231
412907 95194
543074 28112
312580 121804
515696 74027
731398 342649
801975 21471
13777 164484
358504 636872
328130 230251
230517 801067
104347 662416
901020 191334
382710 508918
672211 571761
854360 884446
246410 660783
927251 65765
918233 519267
74867 539383
894087 594039
683639 443058
456898 240300
423317 392753
745856 991105
124924 990968
849606 683941
565271 507662
332407 792934
8552 81889
744921 696627
147622 96637
405497 2809
828556 763966
156315 291209
328808 926278
859335 97962
516707 415802
659691 114884
810717 112326
980171 681560
464873 498717
717488 135765
348078 757165
58720 686670
274279 610152
293067 727718
781455 814032
535217 11998
898830 123033
803697 268201
344109 62090
622269 769734
843085 81122
814449 896705
64349 879972
3822 226491
782939 790658
97828 871243
3882 463999
509195 522477
321169 815210
744916 263641
245743 677978
318836 415301
768676 979472
775725 959031
128145 907511
584151 377461
916978 469410
941661 616795
557709 726271
218659 190695
936975 258431
901117 95523
312126 625768
605792 461855
243828 25560
753110 808925
124059 748245
49136 211268
379587 74993
959070 595387
575006 45925
136036 888389
172332 838149
116628 820120
149494 726150
474255 274936
850596 731800
631103 108523
300128 628232
349110 687241
236307 213755
314916 632519
600088 683924
620883 749912
203995 400853
823525 273476
87483 449189
17592 604722
219111 45859
262305 447512
666891 40729
508461 457478
977399 714793
300470 270926
493759 238030
129965 886329
862378 376182
411311 205248
297410 413819
110889 269908
663285 413088
120034 687623
784334 919939
615324 438538
665851 213852
515437 542567
586199 458490
30458 766649
15766 679286
581944 694965
2257 579457
932888 316765
359888 136362
802871 415608
964857 486176
972514 289618
195275 660901
851269 403593
465099 407948
24815 981208
692476 76689
669877 456466
376520 427589
369527 536826
458518 192106
933452 892376
571242 650128
292903 651638
499522 83562
582356 957262
248688 909250
576847 851739
356949 797049
858192 519582
981742 859070
307241 709910
430134 925215
539066 163158
869805 196275
837597 813193
278473 31612
612753 204195
790348 739107
909613 673593
350873 292188
720135 7976
59726 404480
5606 986140
2273 803724
385124 931434
495398 627231
36191 417189
110391 724823
444152 271713
307744 231429
132569 287203
501340 383806
738858 700770
657536 278080
446436 103638
644648 915686
627960 563851
483657 783462
257562 929833
299002 296245
613820 277155
305195 333249
96081 466216
720620 594771
711006 371508
110545 348409
807000 266816
627496 447295
264370 604023
338570 42658
533267 389824
623360 877760
105520 610934
684080 647686
194426 194960
178288 192005
981563 80152
21600 657460
498604 309980
616977 776719
622438 485382
298510 586482
247254 295947
703421 734742
578941 302280
891465 639005
204109 517074
472498 18270
670445 402257
298119 577151
259554 251635
477181 17765
367123 790020
999447 674444
112753 488931
882203 326664
591366 195729
566636 635554
388812 431410
33988 971124
682520 525406
734439 98820
333957 754941
674810 905650
532341 331934
951948 682178
681719 949902
225064 644356
96115 592240
490774 113333
189868 982073
71612 549798
84379 59293
418686 331395
95592 276905
728377 962975
284129 235860
779085 943740
555800 718643
789970 293616
468220 509449
687549 310904
591559 684171
288242 324672
280255 370140
990993 257196
259693 545504
760897 75382
309709 119594
864086 264680
429164 32208
725595 594355
297780 454192
666489 823121
808676 910074
163667 986150
946397 44243
515317 190215
439 133233
338503 845473
678109 134670
335438 688682
37198 133725
221164 927676
813697 666000
54284 440266
396558 181408
108766 685557
187524 27184
32345 379499
696812 522937
113221 189245
855214 30812
240747 757152
698267 502666
562287 387864
988110 773303
451576 980053
374907 529082
647118 62121
539006 208127
167286 249778
895262 160799
997876 710242
521623 531644
244781 370253
605490 812204
836421 642927
37285 808242
672473 450598
354576 39220
307511 568656
388396 715232
307423 40623
564575 516729
255140 33247
1554 867719
756486 80543
887345 380633
176694 775268
596517 500765
363387 899857
616605 802350
171496 783302
724790 502014
632488 319297
414785 240297
483068 369680
595015 196173
712283 310751
587166 621662
227324 135462
938219 327329
112600 63440
279929 696331
856266 337708
283862 765525
143726 942293
807614 948297
731051 408161
297559 573036
766078 230061
645215 659957
418737 403161
122721 524875
732133 342825
722128 667888
377741 269792
350066 804073
291894 936619
949318 643059
221448 238993
115060 739030
932905 114319
851944 328428
658034 453469
111241 289648
70805 313224
453652 716391
516344 15604
679894 268060
393442 365882
229489 462816
398780 170575
291023 74953
277723 909832
720681 501936
498365 810938
769266 576370
138252 129953
220380 146208
2970 198471
156822 543267
475157 367252
881958 89263
39651 166569
788606 902355
613523 321284
537331 494196
842536 732592
537783 323743
330186 230357
56434 347675
151700 313780
900126 481590
613312 749483
387388 796999
245806 635807
988310 459577
960053 44875
496576 34852
746577 408656
124717 538660
956558 619000
908104 441977
995363 797678
419157 531416
897879 961629
469481 422400
262534 996111
26359 378701
104985 694230
172762 988901
971000 293429
168963 789980
494246 738399
466579 166817
774600 174267
499085 340435
463701 554421
38792 763540
461922 487189
417125 516412
246553 2405
669279 421890
126864 803807
298436 472141
517474 806344
155245 117687
478842 592861
966477 948870
95442 749266
139414 704239
223021 612054
511438 140218
832308 528498
698435 690526
506510 474418
510032 39045
486919 883700
171206 580526
297862 830065
50241 557433
113833 306696
860937 465889
3263 559769
573854 718445
423628 887821
776485 565719
392915 28995
431089 246115
450230 542544
950845 543649
200954 565353
659226 988787
98523 966856
793449 453650
117500 666980
62326 252085
537510 482851
10503 419042
273737 465450
199604 212862
411565 931902
539875 713752
636450 829218
858410 639830
550606 697495
950300 920069
703771 38113
388072 822726
411084 116326
143998 560243
959992 796379
838675 443651
790574 866735
461195 864713
466303 629190
358718 823964
38079 881661
145654 307633
360033 91031
448404 693950
800420 606410
392029 870079
225832 157682
701101 555218
831939 569012
430272 743384
814751 393163
110682 716495
945040 360525
897434 112141
473085 373091
787996 779462
5569 753235
165629 813703
570991 834411
589695 714388
600289 553991
320776 52494
655763 468308
407585 830305
113910 599388
696255 576633
788705 860633
278949 955756
186232 320930
316668 568619
488432 146736
425209 328687
169289 572691
445637 488331
969277 325901
525328 61780
149327 602897
800448 615312
810021 243650
521402 411116
159542 305253
974167 755875
830317 212365
63358 462837
660052 634838
21112 64119
175082 766262
101851 489052
115219 474569
292580 702075
349675 330800
175110 500577
394380 696125
423336 462346
122267 519752
804571 931048
910486 635347
474863 159474
162877 681472
125695 39809
319077 523195
718695 580056
547477 585866
458742 609047
457883 29425
802132 363037
205638 976198
824918 613157
220063 720625
294047 559114
172350 321693
745959 281007
135633 736905
303532 480025
792880 512381
333975 744324
771573 628724
66586 648412
944628 186031
249870 460534
426717 240721
576676 306041
616998 535077
285397 473626
569761 658303
31012 666320
951125 897817
580835 545114
950785 468308
990089 964457
381688 675566
485290 36190
613460 490854
538523 929356
255592 406742
258394 108931
756345 384081
437895 745583
877697 550801
324935 645660
50999 494614
834355 533782
609352 371887
546102 840025
602685 656577
952408 154998
745837 394614
427293 990868
334091 83837
742410 465031
856590 229537
688765 372971
256073 590297
526679 656741
98834 372280
266067 763019
835352 44046
242717 202277
148434 949109
482188 747776
297477 346515
614953 786946
621401 460987
123989 246881
101030 774883
914638 874833
299208 411337
42499 800799
727647 714017
232944 307055
296366 385465
805707 351599
462280 750410
173342 796762
472377 816690
420177 699403
766245 742715
744266 883216
33100 720010
955848 438091
336888 200971
81107 135334
196029 497263
505273 55479
790921 849116
183938 866007
67457 839824
942355 839010
283826 540360
204854 757883
466530 555852
57226 254262
943760 567836
170132 548659
85062 805441
439541 468436
181565 714405
470313 911570
512804 612716
96295 934661
866960 187934
904345 809266
52991 650054
212299 86044
77486 206071
169074 958509
801429 756599
655630 733227
740821 931513
544276 501965
908656 895941
416134 948748
507306 893917
932700 602910
170238 652681
34188 740776
109494 505358
467971 702676
864483 967048
928625 122098
843607 481432
934583 668757
900093 819181
635365 917727
977316 889231
783126 61320
705279 987172
324821 587700
154257 882421
34018 343833
473052 678299
145088 997488
57625 258658
786475 66610
589462 29339
475469 636830
504174 838021
953247 994423
713103 840180
829007 999074
810844 193603
991572 892309
562288 727598
903059 702157
430716 715456
799228 120286
546795 481010
782498 859670
202086 614870
156611 775845
649373 611061
38413 948950
562613 740317
882746 849709
56597 545839
233947 296924
429383 981532
508494 642683
447588 272022
55516 947391
930919 409442
282077 421398
860568 780813
7835 887414
946497 213378
648577 163467
175141 216498
529260 589070
719100 730023
339355 665287
257500 240768
176843 972634
884767 336111
403580 710103
746532 758995
766013 839973
686147 983021
339890 164672
755698 542689
883145 385375
358104 446112
751562 724091
529705 141102
631165 550149
486457 485721
877344 590335
40610 76546
325684 688354
767122 267575
467387 198730
455176 659505
721138 543771
377090 796125
907333 915162
70832 107397
937652 762629
408875 861410
561757 584184
1814 685024
201975 141942
117794 861496
919086 777079
608785 124618
557159 659514
654774 40412
589394 740129
917080 586657
693101 797567
751055 396315
483960 646395
160223 746448
952934 963690
301134 576077
928253 22994
171243 329191
39932 618944
630723 395188
259224 165842
717021 368026
620361 612104
993500 138140
342315 9720
309532 790662
807445 433735
338674 1770
509169 316654
334445 905939
725753 602330
33224 436099
792317 673671
600217 348582
411929 311298
397283 670882
965813 329722
342712 581264
768079 971987
105654 482061
322597 389450
763428 268873
626505 989033
13201 234766
514037 705443
798179 671031
555558 801201
644104 199688
454323 839164
167166 966741
80665 41382
567133 454969
2009 903358
633881 584614
663547 575349
411311 612283
206194 273944
789775 837357
773871 488188
622513 531705
662657 434030
145940 182980
242875 173497
597698 50752
807727 725054
224610 891814
156551 636778
299070 837589
580650 256925
41632 78601
427045 372676
598212 217218
466239 288199
600347 487670
108643 698656
750399 666162
528902 846751
920477 755077
815352 310581
975344 50726
259719 72683
471359 860441
666976 995098
834736 388159
675513 25724
57601 163561
512879 538853
196614 637452
146536 52848
741584 888149
190147 180043
512914 518893
10694 740382
38334 400229
100426 804420
506288 438688
962508 704028
346197 298192
16016 868274
726583 346275
839850 588220
799058 454575
361200 794497
715864 399801
55258 611008
940653 110062
449255 371275
432169 111357
889092 408844
921950 646807
355369 515899
681022 728407
325400 453972
892014 867849
404714 854066
456377 264779
970893 599110
612409 399187
584461 157103
598351 477403
161273 143965
595559 664232
278676 144176
834012 297773
735281 585649
283008 986284
677633 64369
987701 468805
798543 465529
556399 128991
868957 499379
885349 252127
75648 877958
156325 836595
323424 464308
818549 7522
643103 7402
544009 417429
991918 653642
619668 702081
988646 407880
577363 949090
365649 920362
200535 393166
36868 108587
902944 288453
877892 662981
302636 402872
460672 652784
312005 535661
198272 326365
190204 671476
969553 265514
737339 58017
202219 583234
188711 171820
704350 157643
121616 97673
709948 208191
513419 60317
221749 509354
899728 818198
271556 664850
489079 103119
616115 977743
198268 929891
118137 543866
14205 556979
302437 36680
571732 774262
705132 562365
516168 436512
628131 388154
813893 842203
234125 599912
795114 932590
91953 224687
201286 647598
351803 441976
395605 576014
941882 817006
431662 609559
540364 399835
518648 846033
330078 676849
582428 132328
542239 794721
479685 62490
467056 95006
632421 483418
27914 896544
902547 110682
465808 975337
324279 437002
664462 685163
13728 261258
184471 859946
38740 314692
139090 745312
916642 268619
759513 32267
400817 240572
627019 713156
915487 950873
875531 117797
83421 197236
919455 144047
397995 491309
106025 360117
845951 514880
142512 297422
458885 631614
226369 611675
852519 688554
592464 387990
843020 763504
237257 219731
657855 560507
956768 416561
709642 600037
685305 467066
786049 213528
732156 797931
542128 543261
866268 688584
844363 482409
916374 937418
856085 39135
358014 535014
296548 181067
352909 319407
70452 521368
144254 3673
49100 608787
714942 984107
677117 964447
952917 92219
504817 490698
903099 808890
880393 920827
560592 478485
996372 88882
888495 507513
222437 855297
202254 586227
391227 453144
43416 168443
68421 832212
596918 155724
800438 117319
878671 316986
46817 191460
848219 73875
894257 754004
308609 676092
340251 551054
562720 957286
416525 807904
255926 688463
30290 122737
840733 336179
24877 225182
695950 440984
510253 906939
492303 593963
491986 345650
603566 274366
843773 426888
296953 256670
260969 462444
553704 924947
4801 748819
241926 274972
114494 404715
715202 483981
407824 520680
413105 560747
755771 771047
178590 133470
266072 276635
776916 232851
550454 64449
36752 161723
874871 69552
921289 320284
488888 30749
106595 518146
554129 682716
277347 737504
750989 517942
145976 575901
845216 522094
965572 361042
3295 449562
978509 312479
314895 314880
918242 757656
975892 882199
741782 766649
311098 349796
600925 765592
832771 547117
731374 508253
842883 358986
664429 295540
49756 435580
934465 581678
371407 538897
444439 716882
12502 68230
693691 953246
428349 80121
564756 578324
685869 153380
409202 718158
543736 565576
560110 545090
206856 590033
35065 12555
173203 939417
401283 782714
764485 526002
763319 502207
901763 365699
181726 720359
455583 50845
447036 54266
698915 330199
641951 492638
149944 19762
821030 415499
964961 971602
717713 663405
766117 713583
329731 300872
149597 529064
27931 191100
196437 477900
495771 654799
65867 722244
840769 272455
785481 116084
311381 771612
674545 859277
523695 695185
744619 629303
54345 90071
326446 101692
832072 440559
345179 966074
492133 150844
835490 10443
647330 363557
667850 822953
702123 13325
164110 26240
296507 413421
84567 201105
398542 419395
549386 289865
70393 702830
25751 459572
800707 501135
776204 372244
270167 724661
517854 771990
424612 885032
959346 339149
199297 225741
295751 568615
221835 864612
221600 113389
661299 21447
980105 763777
417763 695330
59877 404031
49657 199644
478784 102295
882138 726246
655398 683651
933361 611325
830501 315814
13771 146573
813244 26728
550765 73799
196358 908204
60305 108992
476226 489783
996579 629263
139945 951059
732365 202369
1825 962346
442041 699514
194975 692988
686245 214235
536146 134788
417875 320261
752429 290711
805822 751417
204145 985306
725981 771462
949931 578895
604969 254449
493027 249219
82830 273366
349239 18281
751416 383189
97777 892329
204628 624759
190030 107470
192928 819475
583566 909650
879757 762491
230971 800694
306991 816931
447441 609737
80330 777038
63731 385375
306516 98002
101861 416449
275513 382550
400855 725
972148 270204
97457 489242
31391 529157
741511 980970
831124 899672
536352 180388
739016 746354
990618 316107
120187 309058
913841 142695
575720 236925
959716 473361
597752 566181
814294 290850
126392 612503
919067 536305
231363 2655
151705 702391
860733 68874
344948 800233
427963 368673
756315 890062
796189 88011
845134 302339
125375 176829
270230 432480
225414 580518
463787 294885
984711 100384
569734 591844
688098 522791
283707 41524
991606 108207
285979 268832
545716 746619
204070 464080
604272 234947
576079 232082
961383 256900
457896 269692
722308 897566
808816 775389
44412 583164
688794 146099
644963 157626
662322 778661
474887 281042
585611 592754
996947 867274
603369 267109
34740 5208
157563 55838
808177 411408
937309 942138
952789 755263
988400 583076
262990 251174
277651 157227
525124 963522
15417 324177
907848 711605
321786 493900
667348 772669
930634 289254
792656 171875
564385 855439
938746 142544
38810 914590
402662 916046
995641 877329
311759 697325
262043 594292
4355 577271
178130 987232
891075 297260
439195 868593
115434 70347
505946 560817
917875 719634
807690 383694
150859 630773
510125 728902
457404 763493
21714 492598
470721 780734
660554 644672
892991 811084
792060 285727
81361 961646
857659 375114
614982 351014
135754 194814
730732 150811
105837 616003
921514 258477
609119 568776
87628 955603
423782 985686
980963 315007
570208 479626
464973 678043
531924 313401
28899 121516
486195 304109
904254 324474
793550 364142
746437 771305
737118 556925
873687 41634
840553 467267
543019 811913
682312 383466
666190 533932
798585 305495
173409 917689
392716 199038
233087 867574
437710 512407
170549 756277
284903 407269
721140 716099
783129 656366
908005 30395
461586 535284
609545 291357
755412 811875
515801 137342
49515 464953
1249 131485
731726 35863
741202 922803
470843 39124
706124 931634
944778 37451
106344 173907
754588 488951
154263 84868
898476 722445
634671 493395
507612 908606
514537 147499
866939 413296
740718 641881
809455 423741
709900 462287
865311 653979
300407 752608
821190 812805
971112 648145
357271 407502
41728 278272
27473 838073
939277 775517
423172 14769
690871 673497
638190 665146
84511 774996
67764 810488
737479 131445
706530 545539
380255 853460
952373 405263
539108 886456
16395 528994
257029 746539
291392 596145
75840 890200
198486 272961
611626 7377
414024 89134
958174 517464
811849 93475
957364 730989
834264 147931
913631 469462
747350 363535
537645 339619
986167 996585
99801 62120
872274 845858
463664 611883
124159 694018
738701 224008
287189 144108
414155 518492
151901 877824
93272 135667
103155 602678
162736 3591
443462 653107
688578 708390
603495 338969
830458 243215
219694 582692
9825 818261
78856 455200
500167 319744
72724 148361
227944 186106
862864 70428
438679 937874
150151 267652
703942 728344
127168 919131
308231 537925
812973 287048
270823 240112
358440 322799
847513 836906
957706 105539
345692 257695
648457 128723
124185 771765
530617 369698
877336 273737
92776 370938
355086 504636
825947 216331
344498 645512
356751 647210
162004 237102
682244 240090
30667 53472
237719 206887
489990 301376
248828 984395
763078 858755
268595 581985
123851 426141
799261 291605
206025 737013
593591 793421
30677 203908
506669 541951
886884 233691
7094 916897
364372 459894
914928 797433
968948 883524
556306 9907
5903 13627
324202 434177
596094 69778
417666 175223
167162 968912
347694 213580
95586 185307
790735 216945
499488 643395
978949 897591
900692 318279
80543 786240
555436 705425
209835 86720
10207 295442
178277 24355
989110 445877
111635 670163
113416 15107
164378 231436
876150 438399
780911 373568
738014 922020
133192 242881
24776 583188
856631 44753
840395 994350
819310 104349
457428 97639
628746 958866
869303 598348
683488 248833
504330 436013
779744 205213
574146 872581
986256 337414
636989 807738
459021 790060
907081 502528
931579 97505
46915 230518
70185 808059
133797 209446
210984 727209
695329 918335
707360 433070
935055 888156
720066 923604
271510 103682
281520 747610
790492 306919
369172 563075
494190 833192
93395 346961
664514 991779
87611 754262
56815 470913
706527 119426
3848 716415
52160 786666
269627 287168
505790 500007
33287 477036
104400 449011
664640 149641
887061 26388
889150 764214
860509 30820
229546 972653
802614 790186
763115 80075
77182 339987
173891 35620
501430 466355
470771 21176
298956 479248
900743 895207
600021 979546
766362 115222
751507 289088
923281 407949
957567 562877
626921 583901
372239 660588
10068 847973
801586 255137
218857 303602
10608 285289
477275 151762
687131 505776
861099 292206
781488 815201
841269 742252
654801 243514
473 582914
615297 309030
707641 214598
976024 99599
665305 851663
368683 512885
205742 377923
316581 22032
716914 262030
257916 796133
887242 889561
706075 814653
423597 996254
79862 373410
260455 817557
344222 467704
122762 404671
334659 345342
180518 558695
313129 337032
664877 261153
542847 692521
654287 378606
804329 511285
574243 517069
943996 439272
813781 863856
487913 420655
625101 476653
259160 598511
240617 685162
903029 851297
365102 819825
137447 352109
544738 335844
982855 491344
342655 600719
407880 185391
497762 548741
395191 270589
555213 750475
218851 851415
943771 338642
418624 43546
822260 990022
950861 78404
204316 18222
834844 620634
760820 415065
791086 881618
258715 420100
924542 191023
258962 807730
838024 110592
821677 474341
480289 209276
928585 631013
597694 926617
170078 44098
767460 244527
835755 820962
748203 249850
405747 809069
435719 334541
895103 12906
340874 896810
2836 37154
899963 772715
254647 665319
662429 118564
634953 528978
794837 548213
614487 457705
519625 736556
781968 98887
380613 730975
413129 218820
628978 333670
383012 266524
128958 316627
17299 109675
62331 958127
212899 58948
512400 965774
805750 758586
479596 282743
27537 447832
730448 454912
612712 436102
426096 577734
59482 3368
558411 501562
199962 395630
948119 817464
951321 426489
47012 12773
716142 485448
827839 975672
438864 459523
277368 46253
675380 975106
210703 212378
332490 254566
939668 744752
151306 865397
8737 950865
106306 309401
550389 890510
114541 626973
77801 127779
550691 657453
424653 400367
999225 636143
22792 416994
273745 639909
838002 929246
86143 151755
334128 942674
403507 569641
505820 981441
304108 568662
118865 520962
517410 524561
400076 898558
895431 843887
968318 857320
493505 138255
446571 685549
251667 659018
695048 532434
850787 741444
344013 729471
50753 701923
425408 634724
804056 865837
110379 873037
485063 394753
784795 958156
304635 841823
810533 81440
318441 773788
832506 698812
180135 674129
150365 295825
448726 818955
388821 204680
126726 696572
508108 56917
111540 502132
50167 1926
790677 195693
508280 76474
416731 37363
888476 566173
860856 498295
874674 867298
868700 774392
203955 44110
411934 832357
657564 435440
388882 682264
348766 262974
610088 483709
127187 774022
570170 817737
675775 671278
192481 821152
88637 997567
362155 818888
277315 18215
855909 233079
155933 857403
827831 821865
922353 819620
837492 751002
64055 236524
899930 970915
329723 989323
830771 37647
627980 569621
295632 675683
143438 187826
259069 330722
878550 233645
466578 831225
85344 385326
652353 118559
92472 715861
860945 733740
388606 503956
443363 111648
881211 5642
53833 414718
287980 537656
843728 40176
943798 143099
523313 70170
36676 273522
258126 644158
449544 853753
217208 377852
291717 787081
159707 74036
612446 148352
997945 371122
564012 417818
394645 197373
983589 130010
154979 881879
555198 786666
141104 512803
182785 892770
449706 261897
121796 100564
327080 807794
758001 209707
704265 448819
196523 696692
569500 109739
831509 902230
910939 803504
773763 742524
174217 80426
114206 592841
758590 909661
3979 580996
18435 951740
428442 435683
767868 749314
301367 779457
468230 992286
221930 901996
580310 593363
138248 907908
699550 182038
549395 916708
112985 657423
367481 789969
415076 352602
827341 162673
498389 150903
436255 833329
264183 458543
532098 419961
711480 283367
346849 525624
505289 562493
26429 400467
339271 10879
438000 62333
527976 854335
891781 510422
159499 646455
399802 827374
512886 753235
243688 827304
604217 620457
279465 944652
474178 656870
310365 114997
574889 235000
381525 522454
352104 684919
231105 319799
238729 777400
344216 469591
355225 695152
77068 599188
232396 260880
216184 926311
149123 822747
872756 125903
995912 144407
100688 427605
321008 458734
550756 134844
311174 330349
290484 690929
603928 392184
741184 919534
563121 498471
227926 872442
827176 467577
252492 377959
275903 110585
529506 656848
408571 220719
33636 56007
409958 334376
997390 352008
976254 552532
314446 422064
660257 689248
704684 15102
716736 604002
63412 767436
501952 940352
983287 412761
658329 338117
298263 739729
405464 957765
252646 627477
463204 736630
684355 560301
766365 820387
781403 265973
405483 218921
992420 674561
848190 739572
468185 312229
672426 965515
747299 836301
347982 859592
439730 531862
294590 64255
878153 707600
536649 357550
112258 717786
461412 65294
12150 7903
897842 610932
58718 132831
857623 805100
528513 326055
466252 716250
873594 360791
872041 566220
988868 769785
598460 100306
317819 25719
259384 268086
328550 176948
960815 371764
461884 130646
643238 874007
528099 932287
961646 119754
36499 991536
652488 381508
149109 461320
618261 899908
107677 316760
488754 763101
575509 170423
274488 219278
522435 566612
107358 789195
309141 53263
522262 186939
557572 916342
995807 191441
37973 512743
113533 985044
307214 450525
681981 969254
775956 519645
65253 517290
269889 785618
615441 69892
816957 426154
414773 66531
851603 198503
116337 967339
924169 572791
404619 948360
482745 869226
28675 549351
610029 703103
457714 852176
815475 961793
781862 191663
786531 80272
199753 120215
934201 630171
367964 101800
483167 462707
826664 109832
748830 694447
497224 928359
624018 922203
923325 884685
297467 28686
381582 731410
785006 646218
676744 829508
942177 965780
303436 354041
101187 182870
516539 105685
96970 55440
587128 342231
699714 541719
442411 792422
349656 364113
735384 119972
107553 418352
202774 745257
33207 86477
720918 845554
356637 748616
842690 745132
713612 839410
529152 223023
746773 803486
427986 801410
772508 127890
813559 478905
655220 831396
409897 34916
423664 45888
813881 14140
94421 477846
876135 787826
616749 18140
407923 407842
195880 828959
348779 779368
1272 370442
514869 252697
947952 44879
968715 914458
545851 121718
111244 93754
664421 673596
602964 881965
342878 975829
713956 665840
287875 974361
965792 356662
48928 344185
679983 827963
666321 257675
895498 732978
962059 635836
769651 114486
679635 936199
541250 293408
512294 20494
1767 8692
540076 777369
657514 879014
474436 235873
35685 940088
651539 501064
278061 638491
809055 449484
359292 365382
776025 186021
316207 660726
168621 226876
198798 713543
414831 490446
130376 728209
95024 141259
99037 163041
151325 937738
231254 108143
660387 556550
730251 246662
163791 691455
7116 874297
71582 797472
334231 898011
370955 455415
469566 129100
741100 186890
393645 427805
869962 374904
599471 401131
158735 912061
128471 921381
970704 930727
131857 28305
554707 494926
98614 767455
992559 459666
965640 47366
65180 306836
733872 485373
67741 824196
855549 486635
194297 229474
508167 838023
968780 365471
190041 960530
772571 869570
446176 864642
564820 600083
134323 824088
773696 736318
614146 319213
555512 314751
509466 47632
823014 775420
689040 15371
323768 462919
921111 718809
358287 782941
525015 852507
814492 252728
649487 697386
135294 881090
484507 158609
512849 212683
641537 920069
472882 362486
736098 365715
373703 930794
379683 464249
991351 527090
387325 825107
945351 398594
929929 961991
109825 536165
329293 835730
190780 159705
885605 42114
484328 948039
307219 459072
587062 988725
208642 24831
522229 335352
879673 751065
167541 8842
622208 489448
131150 224492
554225 994537
728312 570763
394887 865075
927076 655903
271844 259044
56881 42546
682319 314278
923539 312180
872783 219603
435266 247961
403212 184566
630363 927079
611985 183322
545955 645877
557780 883583
269637 441529
816402 689340
30730 611209
645712 541651
732634 670687
405201 776303
280058 174829
69354 861917
704913 913869
612344 180780
814171 14976
114137 358617
99039 892526
613371 42154
832504 937214
812663 770855
266413 726022
56762 141994
432477 686381
922625 866027
451490 112190
241969 712802
934873 734266
310218 340739
85541 555790
650908 915375
556831 374959
883091 784267
682844 379626
25351 650146
414734 48075
916223 309240
716979 948127
378930 292548
861299 267046
133194 640102
226463 413001
663914 480569
123442 666445
743229 212737
583653 614479
641357 407498
743518 762136
450146 725252
760509 39860
689246 918332
664059 474648
478101 677680
437749 840351
830580 149813
954011 878492
35747 87152
114660 916072
892370 143455
894112 418001
988834 311944
147504 833859
223211 557445
110329 84952
464041 236241
858001 132799
395787 190651
538798 603546
377321 28440
957047 14893
171960 430004
815523 206677
163314 792578
116758 353304
711357 140618
642057 765863
684924 12635
982705 111132
630313 479471
117341 968019
652456 652882
917017 147929
869733 898275
434112 637981
365738 491673
681449 625267
511213 144118
632596 124939
297232 385241
17893 109990
627875 407272
990635 393890
428582 599308
560755 267720
118834 275479
95713 130888
468589 680296
129504 677108
992078 238586
980226 42792
765700 12981
276525 670516
109513 998266
253834 270589
195301 629069
818732 401988
220149 849990
993796 550806
952418 636034
168730 825286
105010 747550
834337 500701
579106 134289
997768 778918
650430 468328
309272 26392
148804 915388
397152 32318
382532 977789
476959 113713
171971 572130
393456 441991
674628 15209
799456 242972
683913 964298
190274 905103
532692 426365
96516 707269
107104 733972
387041 575569
673274 696002
865069 823216
166062 493297
918433 701096
462793 369653
209271 484191
37452 355080
31620 300848
301492 611741
923225 820850
790601 48685
595326 722230
544639 840654
135055 556393
791171 5991
423151 718459
138701 624208
568837 514164
864956 159556
290364 362070
409321 64394
6837 870284
683352 224729
141587 175209
35270 890819
139971 165896
721062 90386
800992 9954
743567 608902
499789 13644
578308 828457
986206 861618
278581 647846
883369 258191
776970 464356
610899 951572
192596 333620
836100 541818
602806 685082
667017 811761
425104 902889
703682 796995
812847 553448
648149 959110
740676 905998
291980 492370
756017 836077
505602 995535
569566 360286
810392 405360
231343 547506
513041 36517
414695 599414
499592 95814
143255 386378
832390 10078
956835 583580
769526 374824
56989 758938
10808 371332
912194 876314
295405 810800
441510 611613
167149 179825
365695 96771
879957 750093
806290 566899
633334 870013
807799 274865
185144 946841
48875 984777
275620 897475
206732 613243
884092 911703
382727 268863
50276 707707
677953 51084
915142 159401
326044 741445
151437 478791
850248 170906
903157 907577
452917 102545
807584 770762
36803 271191
955504 665997
288734 727965
560517 143419
452621 589544
286880 766032
252521 191860
932148 672096
881753 494153
104409 42263
58063 678385
613536 360381
481244 330400
210367 823356
217714 288375
444335 138781
375803 661071
361309 141543
644584 597064
189749 381455
25378 628355
546518 953994
324182 194677
839226 120950
868226 416172
746603 389586
799440 994712
652757 959728
711977 439648
269856 959648
775222 595931
719461 681182
890182 275170
913488 556974
958378 837367
707534 287996
396962 545550
40535 26528
348107 227611
397896 918914
72435 84149
739702 228333
24410 851893
506132 73749
589468 749347
840488 974720
743176 546359
905219 534569
140090 910600
670531 319544
484984 438997
897471 678487
249291 863353
89505 164529
928212 930974
540816 71463
867608 633279
965603 168731
110007 301601
81221 806818
882714 549810
45660 929620
810879 98509
974532 482355
465525 898100
155074 516153
14080 777137
539716 550026
58337 879716
545559 559100
684741 407038
660099 606909
85422 613164
242696 41663
413458 647218
363881 791962
250364 472825
324304 572306
381300 600811
975723 993746
993880 882911
280856 470470
399740 574833
86996 453265
801529 558786
80668 863392
403824 263191
511589 170112
8008 597727
14235 92125
851542 471856
183354 149753
749740 645008
462708 632964
271806 188403
676979 130945
427535 151284
855055 454192
362590 246548
854020 237664
515108 94371
73573 615926
159685 666403
734383 344912
270846 61126
179825 280693
435867 179765
233894 245163
790527 484611
366107 675552
73846 116841
624404 959649
352611 497435
559191 924435
328501 943029
209679 723228
75905 234112
137500 441749
57120 556598
411982 175775
354482 770704
333159 331140
269107 797091
130310 211642
413094 407306
392963 971427
674706 785725
56626 391530
427873 123864
85851 179084
876847 99489
590695 782359
565571 6491
283473 84016
189688 889892
52866 468372
652113 627880
27635 997331
985650 622403
792784 223960
367356 616177
269517 996909
71043 979849
630295 360711
902049 713378
279693 238519
612307 766180
443948 177473
122303 66627
656284 741962
468482 137276
399376 896003
213747 731174
394292 303735
841205 629172
814072 173136
523605 389991
908103 59169
579216 772729
10847 309105
232385 129715
234023 504587
267924 346292
191543 530642
938955 264359
959753 390282
158352 428034
323098 632757
881507 236520
707197 901195
153711 220705
931910 256835
682602 202930
3719 584297
822269 112066
716505 15023
926165 837710
694657 303852
823727 142893
599107 513418
230971 248179
631738 137809
364450 995733
943528 421173
969591 387473
222169 467959
993122 154343
855314 33815
485651 834926
234162 131127
576606 844003
981156 199523
88473 731632
888834 954399
598030 896519
676599 9358
950988 692845
725510 50539
190050 588767
678397 335445
45880 401497
113299 799448
767632 590936
73249 489243
706190 158781
955668 835469
317612 202591
708309 371505
282446 692226
540374 774717
487336 107598
355362 361495
551746 232220
370446 269131
999643 781832
676492 351524
921079 514603
360844 980085
993091 82612
460712 486731
231354 734954
799570 571417
328081 997009
970817 469382
26598 558011
971365 803853
190474 593178
636304 651607
529219 365549
556323 246879
555351 532389
879770 142649
285891 604603
716934 375578
782856 158876
297181 166278
26022 481959
16265 877571
25137 505805
354591 959331
451775 876391
135293 932828
349472 621523
157348 304566
483541 420996
414642 431485
61730 568054
281720 755594
211810 998245
675047 178329
360690 278710
376177 721996
126437 427172
62428 770548
654130 216704
639033 629206
360840 326658
828160 568641
139362 251289
554858 607844
3708 484745
74120 547707
732829 176640
913012 510843
525936 415455
734717 800208
249815 546163
18352 145259
833376 415918
33065 10778
224233 772755
887424 124758
163397 484515
171578 127292
114995 194895
784952 715417
250856 225339
889735 599827
917410 273035
683216 54645
857314 670268
501512 943563
107952 984184
299555 609544
983413 410850
148450 840882
245833 814062
509011 703899
84202 794711
901062 91455
770246 882992
621748 343657
368416 804541
394725 198531
458180 653479
889194 970558
876143 852113
336120 902440
13753 197193
520181 721336
592775 7616
758696 412921
386775 533634
405840 686803
698788 812575
237950 149959
688686 840530
778201 349894
638859 400212
723386 300206
342788 636951
288758 410208
349019 504007
439234 903006
700090 605322
415461 837683
98229 425867
530332 786692
846177 476053
470699 59635
957027 616974
604988 829164
481425 812916
360839 621193
248201 448977
467093 764935
353101 922220
514120 736047
241591 567515
940270 427936
365117 546386
960540 428983
611024 24852
607532 902833
776969 957760
224301 944673
59461 300523
768871 17288
836902 779859
189606 321186
203388 697630
616089 600646
787373 134949
557401 708904
912547 402827
393192 93193
347667 362947
970843 650535
426613 760530
823158 698449
797394 357850
191967 60597
751563 450978
662500 430100
694838 909842
603203 49544
666184 695362
944851 91557
186927 650273
83834 614877
276654 308650
659564 310411
761760 54279
975490 440645
497320 717884
254155 455129
123781 49428
159362 673319
987428 452984
772562 65634
403103 233687
437815 585059
342031 907109
242662 800418
611622 82381
245624 188656
295328 169511
269661 665056
924850 280453
182343 946422
1100 732449
795799 560699
596836 817823
713372 882842
708726 794272
176316 102313
333392 630129
942069 980390
997562 680106
722419 607472
859105 283763
730582 327933
785877 630641
154604 960765
529790 826203
220520 196236
22935 455664
206524 509589
937623 203433
187155 966416
602610 69377
516569 726063
218858 948235
844958 19079
415536 741044
146487 841975
285691 194009
583555 103536
267470 797044
674769 483707
755760 262743
323384 664275
883408 767507
635541 171945
479227 204571
477082 115000
91469 175871
742384 303760
147513 526999
431325 937887
67314 928106
100685 889342
610417 437474
864063 727413
217526 893982
960128 78113
302071 891314
725633 500165
229400 721948
175615 97514
478854 969067
676568 336365
834995 737924
803486 546048
135064 223416
973838 269977
264187 21326
312543 334760
228686 136175
962644 684934
930518 953259
131580 57052
805517 562826
78358 780915
498880 54866
828614 800104
784957 525989
121690 218187
656082 271907
635046 83639
619542 105748
382775 277269
608023 139737
437476 999636
847272 713856
94365 202089
88106 836749
372896 779045
589838 929828
682157 82957
743544 114470
367525 37440
338109 951499
996621 219489
554576 171722
359092 92555
330863 489510
834424 492649
745197 646024
792555 164473
395095 318180
554240 375842
155554 641597
79695 5559
436437 96444
825734 888928
707062 243796
42822 697420
30159 216082
199735 408937
723603 795079
852308 306785
486637 232876
412118 939501
737760 216018
496261 19429
766623 948480
328081 308351
866107 999791
814340 696940
497233 145773
68117 655109
557837 235855
174825 101337
251470 90409
545164 344597
287806 746133
669867 21929
308720 522141
303644 849897
894510 465475
850938 78308
277431 431769
375525 955988
315668 253479
346855 379474
516863 105292
214838 617055
223538 8959
778659 366639
654485 681368
585703 672162
909531 123915
364522 329218
530830 442303
140734 716581
197839 357975
604007 803638
702921 705040
291155 302044
211008 290443
382853 359804
768272 135555
793761 90260
844800 858181
594906 880740
501222 487206
833845 5640
810659 401916
212839 219908
788865 674758
143159 47670
957735 967510
40286 747423
277210 964414
727532 998308
638195 236346
770517 295904
849896 160003
677588 610829
492605 254252
676479 492091
3731 608034
213318 675195
605610 254076
735674 723787
563286 751671
813507 841419
151506 575071
1560 237152
853464 530489
919052 648484
812547 869136
610561 431349
579180 284792
402801 947643
765244 183034
29820 91676
651579 603425
106519 430169
308002 553926
828229 769004
390209 691215
558688 304205
974225 471334
710304 888208
310013 849035
758398 488313
698364 456372
968790 326282
179482 919002
573050 475155
570116 755165
441649 690333
240483 945536
313215 334949
407780 893145
918193 910390
771188 168667
538804 875392
926157 728601
454457 28753
684651 281238
574260 815050
91781 235619
542761 642516
408213 671773
736162 420211
643515 818789
611798 480862
503498 670716
58466 752757
719706 153490
582346 586575
81197 686020
374576 215028
331110 50892
291354 775160
985102 430925
282508 353873
229718 246592
174585 458505
532396 69982
790781 194131
796446 104135
879488 523708
3997 5009
309525 762033
90075 115569
116523 93441
229308 775789
331365 844640
433457 639587
352461 303507
669325 350006
526292 486050
635758 410905
570014 732257
720831 721928
321821 119754
480466 522875
768235 267381
279299 957122
437085 823142
323383 190146
558633 826535
114857 291224
660596 360080
108601 41332
917939 709510
262597 496618
362660 648431
235689 987842
286254 764128
588182 15182
806414 49258
8557 48986
891211 405065
539121 577956
450252 896018
454714 444115
152675 3557
170334 341371
82310 953793
483334 522734
32447 22020
27065 906453
754452 572625
20838 294586
678065 426775
560376 419539
570356 102758
946079 467781
256358 422096
992893 37896
54543 822144
913604 500590
952578 486144
888171 220964
520100 802312
690302 184855
231580 53561
129886 256478
172739 244999
395892 900550
286902 949626
162747 717937
567564 659460
954185 798715
320348 320115
280026 326433
331633 713200
131522 976269
992421 828958
191634 589818
522395 441798
78231 244263
748105 388062
520637 642958
904505 769548
691459 877816
696137 571308
403403 710417
344609 906309
823533 49644
543182 132834
54471 764640
282293 640887
510509 629151
508071 611204
695072 716051
578695 174524
767843 454644
523454 259939
158177 986882
777736 532245
944479 998449
394542 180434
839583 765509
300523 404764
611038 431154
474713 901696
889055 908472
459874 532612
206987 230398
213481 524908
349990 559478
830798 832590
542929 708712
828512 986579
273715 924515
194056 23586
761752 838516
609671 54946
836985 681533
126752 245527
927803 278379
222666 146266
461069 220987
797166 370860
904749 808354
811186 600713
504336 844002
758037 695843
717176 649861
352630 974510
423943 356278
865255 502457
62386 310199
513089 436395
752356 423212
915460 871652
341710 32964
958501 442257
978981 279067
234991 689208
320793 930231
91594 903802
821956 607284
374785 754162
781526 883448
47815 292291
848547 511083
475238 737186
963073 178384
182793 527476
603758 273169
687238 88746
335776 625277
929116 554853
608187 372435
418025 221698
757404 734439
260310 841559
85366 796030
227914 84059
156133 229764
414934 103005
304897 85214
812909 201386
862909 21470
407023 720013
348547 985351
939795 408980
909122 870642
360551 537033
432675 293719
288361 814764
251065 192430
130357 36702
358982 128294
516961 410193
803476 206704
925697 222544
413920 425261
713269 349966
322919 255555
632460 678644
628736 445093
625052 917683
621797 493698
45994 112807
783662 894319
961223 542256
160123 380338
644608 814095
230451 348673
141412 144110
37039 946776
11433 164773
798408 75774
923670 105238
224506 369279
968775 632011
81837 532697
712517 732701
705935 656847
174314 268539
989744 904717
438109 348547
194734 665724
292264 900150
501823 298970
915716 46845
374437 144698
827464 329145
22566 665558
344237 511696
660637 986711
654853 530332
296633 691646
484220 509699
289391 424284
410038 927999
891783 590212
646404 971102
436824 250855
304495 187515
914477 120066
955055 249801
470231 909588
484577 355751
549343 160983
455595 58479
673792 329965
538786 104229
737274 459493
284546 7578
198589 456709
168130 67854
215517 813182
171208 205211
804928 850017
131871 415079
403700 260877
462449 670299
302528 162507
960738 128266
284967 308041
137106 415557
987837 705217
69696 613606
89386 71104
364988 872714
167521 888851
121379 368526
892590 179078
259798 730306
266563 110429
570301 785224
578735 984394
711410 631974
674680 481191
450767 856199
387962 364534
492846 56623
791165 836604
715090 123269
823184 704403
215223 304076
901638 579684
686298 659592
368737 233679
473416 680379
793076 15436
962472 520667
289807 208237
529515 394987
473889 367318
930565 660934
751603 127630
875444 337303
997929 880565
165547 904613
134648 896462
336142 527753
280626 635526
68568 118128
130008 887812
290157 57450
126131 595302
117869 433363
621581 495084
726879 87417
673722 616293
165917 264218
483812 115261
562828 673231
165457 821887
66360 200698
771671 637116
821864 477089
882751 157960
737054 514337
483324 919087
318306 835036
801579 717421
182 185831
980738 145155
827048 713125
870227 738115
711972 341904
902674 718003
486971 965330
26281 844309
515123 963841
637051 742171
162340 784366
270749 482935
387607 88331
874330 636404
227277 899849
773786 24732
794933 285066
156824 891294
18443 392573
409931 166312
157865 312070
841871 83782
663031 755656
709219 333881
704219 386277
565911 785044
823013 27204
426569 333041
717163 902848
45354 619869
834420 202652
978727 737303
951768 424812
58294 441209
233744 429051
781495 241798
889946 43375
52523 798587
927879 930279
352081 778133
801514 85213
493827 408324
526889 277032
79869 962267
247683 541958
19866 810131
850300 480447
675874 920923
122746 226403
598808 347110
271663 551272
928066 347775
741579 830408
659371 356080
800918 654940
905238 395726
557896 24174
438903 783002
376667 766447
749952 519611
905045 487040
124336 974203
232851 326238
276590 384031
663342 862770
753342 721858
347001 852824
248465 47692
332808 360590
1797 13599
794575 911319
325183 511791
394122 768848
696524 851224
534535 35665
513304 213014
155137 437227
913727 941149
930804 258510
398427 62328
973680 101282
452090 801847
222197 110683
133841 777680
279534 484399
485415 930076
761366 281792
481551 921854
777776 272893
56396 745941
133028 892391
986461 577931
839368 930182
565954 698724
135572 513933
60151 804138
751881 251479
372943 959229
761361 327811
198918 938142
173528 69198
371796 530894
465956 123836
323711 689133
685253 180155
66729 328794
531114 440654
288047 474140
384382 946411
188220 809234
55097 681042
614314 208586
734865 104555
33267 713386
356065 657361
153766 521282
307150 760583
430682 46431
27208 842841
182831 745398
861617 164187
624455 450805
263883 930402
613569 824368
329034 576109
292232 329766
743460 262233
28795 990453
561980 691110
310660 330515
191742 448402
252177 353792
53511 823023
724389 919025
905899 676657
956246 542025
839735 455869
682625 343853
142810 8275
800148 928252
409974 570905
485472 482841
151381 839427
327383 206515
255690 966879
774329 523877
104404 504924
297114 734686
701829 369700
240196 878953
403887 922617
329408 516994
792196 112356
564918 620967
837326 442709
881445 728150
775789 91139
315648 269308
424091 31945
461795 410107
690568 343998
488504 337812
943540 725586
305595 575504
81246 329722
913308 352320
270409 821944
26660 170911
614571 547013
292987 153570
329746 910318
406360 623241
295316 578249
805054 761657
5997 840654
370139 33217
448774 318721
24820 363823
256751 465218
751113 790418
607503 962803
552421 918453
809502 935565
742203 716444
42061 644698
397571 805860
182147 558181
188737 353243
863900 511522
228579 838346
993654 682813
863751 279388
95604 835160
128444 465021
47485 798423
989119 240653
154071 680654
404987 952818
304945 20380
74184 56954
793377 102261
770770 198000
530915 305444
14247 23594
599345 167104
880332 543131
636890 247428
124902 654898
433751 322538
588639 67978
797264 815329
776739 133954
341629 676916
171992 170715
263439 660874
544761 868062
49132 931732
53828 38369
363219 982889
668062 785452
682840 837942
946350 854899
310451 171768
648244 717088
773147 279063
340838 807518
217533 491853
432976 781260
274072 103685
542178 243450
348910 876555
841447 232201
850797 58242
413198 717440
732816 312919
771307 306290
706925 389669
215073 242149
215536 139458
397301 936153
595407 954574
273912 245955
167645 896661
895437 641954
346938 228436
518553 536363
628807 99584
297886 719027
599075 772030
291619 477131
942061 270196
339640 372528
838667 547120
734672 146622
365802 993207
663745 307422
998469 11181
326700 319529
332767 92247
801838 139656
993678 189764
246907 124034
124329 616505
197138 921524
829480 441415
314475 261259
302790 408646
325573 393196
703869 346439
830605 357857
295907 429109
957971 584741
437177 821243
188493 876143
757774 305498
206426 255422
352931 571276
77710 525425
145363 829420
498022 215517
928850 815153
294557 622544
894657 323434
593822 206077
598392 550125
169038 958914
633288 342259
429387 453494
568078 66599
721246 52727
606155 288386
755071 207994
467513 946809
983383 442875
516506 962554
301504 227673
974541 947354
360471 255199
529482 628995
67821 587022
335796 298730
872522 306755
493138 186412
618476 596521
386705 979058
850864 299302
21861 895182
474231 452448
770953 834763
991623 623961
245734 476074
944456 285036
466100 317704
335888 235552
379760 47454
263697 716404
286403 650829
988931 636970
367095 29057
188699 708488
403181 376107
92702 498540
352571 223893
213369 23088
620100 337897
7581 299474
643220 440834
236372 985177
948226 362555
36119 519374
391547 35125
812269 100827
613249 795849
2758 791058
393795 134692
727291 737491
86637 757365
479328 164850
375347 192253
762869 98746
487353 926481
460741 946893
982547 470459
759488 91367
349314 764347
93269 507207
587635 25317
333767 265425
970354 809405
12702 138763
58891 107863
704687 179390
191293 32206
433674 19062
977571 551708
304758 974111
74614 969104
893870 680130
446373 888002
538146 309193
322947 973590
424321 706576
964568 278378
219745 965623
112222 221282
430950 768157
943226 243177
285873 123683
205544 33680
471411 816482
472818 116511
499785 558639
510828 384180
993063 27534
22666 121365
302431 792252
972064 925837
249526 622289
244411 499937
979908 8738
414033 802603
953136 440958
541408 931687
693410 530683
741462 800586
505544 219328
824479 897925
904308 171304
722720 852039
469718 779904
931765 235015
43736 290177
321620 986061
283588 834679
475482 164092
584323 245989
155278 62666
903686 985941
506027 304819
174537 177813
115735 57014
740018 718739
156950 461603
54733 182730
595441 591986
811920 149682
666792 994201
148258 585396
552686 917203
843003 687168
334894 822832
475873 176348
238151 810643
179003 776181
238941 786168
768147 578358
619290 369687
648761 79809
780272 394846
830462 704716
322214 134511
38547 471803
199638 179697
940666 221952
110083 740870
967187 17983
972518 373126
596939 989393
630892 510158
545181 287861
941857 514623
59144 846575
859809 57984
247226 297236
966605 565555
273137 329932
669742 762812
167218 449180
52666 725461
682871 182813
511324 675130
87269 280178
887093 292873
587293 846295
75020 438653
150224 37064
891101 433184
70127 547528
380921 430234
996670 701024
94270 178091
868941 232861
938368 16285
390981 899679
820633 583254
191910 441358
376004 575783
762009 943213
673841 47354
469900 377407
200202 666558
785829 72968
439124 419737
463242 673376
842198 884924
348431 940723
543558 64936
495171 100838
419186 71761
592847 940562
504960 681468
914611 114751
135791 216088
666755 54057
439687 877436
857797 549447
823139 502227
181266 442620
64589 846054
497635 542775
34932 464435
853057 904295
144562 237813
824354 473623
641774 187429
912688 427358
818157 997217
584912 932734
651822 177762
606228 290404
816130 609519
587585 715883
775594 758438
679871 472570
470224 323302
39786 884623
825082 436156
842584 536934
241791 754393
440851 472397
767301 998777
354723 590032
439949 171645
777334 742594
34900 55364
265921 789919
939457 814216
559160 510072
655989 25247
248598 743093
14558 858776
457304 241212
77976 410835
620988 639382
555504 900566
13490 592239
318119 854064
624703 205140
429219 71137
535360 764620
438960 620191
900571 944248
726901 972077
755874 802549
624991 599695
372711 804946
422081 215514
297642 420821
88565 919141
365775 731344
345374 390543
616095 906676
596305 945748
903717 978436
691472 593039
433026 693226
688705 536502
558622 36201
331824 563425
691500 611278
188030 62619
742760 73071
673243 281139
37496 480294
819802 926855
769105 647851
250651 605475
970922 136707
944918 233136
229153 625455
131446 191297
131047 568682
542131 166079
658206 334259
869034 399068
105153 962043
665234 561456
922121 41706
940308 76970
23895 319492
26715 382291
527710 828587
185502 388009
117031 633698
518000 877985
716091 851560
512557 868692
854815 336457
369601 53507
140824 594712
919616 409932
750467 886650
927055 375873
703989 388896
959813 46056
181405 984928
110610 736426
411398 115619
140139 687197
604847 193534
810290 563740
795850 777445
719020 459650
219701 722940
84960 345509
318334 534897
74477 629790
204223 71859
834699 397551
722531 27985
541521 901994
508140 761550
281065 909269
455908 512620
434726 925689
939183 958858
878433 511824
751008 395109
788562 200903
330703 777614
899110 231926
25578 353269
333172 658856
631753 259090
484977 518146
409419 347196
551203 490101
169524 256493
769423 794502
32412 226786
291718 206998
18431 729965
667147 622873
569463 313628
450669 119916
638870 741437
922912 405712
6892 53069
484473 428929
298889 924722
950263 493207
297702 168093
840268 767416
705065 699245
32857 132734
928857 744841
964560 557223
966051 877161
82002 414754
305032 852962
662847 448466
756459 698547
364297 184713
382168 215758
537941 368203
75922 424815
727381 192714
647216 419194
544030 988326
153198 353076
192827 118720
836955 955678
42095 467770
358476 837977
68352 158393
27247 436535
270021 218397
144872 204239
999617 453575
251248 577652
793551 143117
898756 135144
493612 273470
836966 513676
710763 650244
405629 292179
946188 423802
17427 270662
681966 32956
70537 292418
678190 301810
181530 294416
589716 323164
635095 493611
180675 702786
142157 547263
366484 990639
267068 853346
576305 302303
104898 7628
21982 325173
797202 330005
656927 761941
282953 61899
924467 623528
177686 987065
982347 917903
653048 721812
460959 611766
812037 852829
675632 889614
444423 203549
561976 784695
909477 194738
197394 510111
350018 23038
616366 951432
615670 476082
107454 139895
460107 460635
223258 940339
636366 366966
496847 697327
840729 901326
407870 432246
552330 912489
349285 192889
835703 579696
556165 714484
585258 39947
537338 576714
658212 769666
280142 741434
289987 329460
756189 629564
335942 335556
391502 709161
324214 257421
18669 251433
412360 497978
13191 378038
624131 120651
567576 622542
419647 867681
398496 867918
351589 713600
849357 210432
345392 805042
717445 829436
576402 653030
591737 977145
309172 446704
313352 360527
512428 125798
713793 850134
467216 404239
280170 297709
331064 875607
199278 778155
218484 816641
809442 893908
603667 317399
711897 484489
478944 536263
751309 507051
763126 144412
401049 693435
670682 414558
147003 708437
618764 665348
468887 939739
620711 765893
174478 609962
966935 549159
952057 542413
489781 692750
690874 54288
822354 986252
582652 218629
548718 925876
304591 328832
855867 160507
665023 372020
126959 981529
855094 780919
495762 20513
188205 191898
383707 968041
53376 795521
810918 274884
48602 114843
748009 449362
994248 710546
862110 96622
431497 243886
769207 13214
429357 569220
673317 636830
367261 493968
586278 708454
946 738083
622580 644242
13308 772414
280118 222575
27382 719366
17596 947484
496541 829919
620496 336154
909955 870696
705423 458521
823584 87319
249728 529815
541440 561779
126389 109725
875940 877316
286725 384393
618776 577112
345774 510364
646387 905581
164275 993122
213551 342163
634627 348029
268957 631258
681048 805800
960919 816240
636059 102187
74425 489129
682321 582622
194464 35566
226727 660194
494264 203716
1443 646425
938343 670651
697243 665242
304210 65026
674860 284983
446306 69257
479754 320437
945992 867035
110646 150769
566575 633550
415770 354473
715404 312594
863441 857087
25906 974013
406876 560226
900113 731059
512628 157005
766729 871214
475529 45342
411419 787798
979344 749611
150137 325792
153612 546351
728959 301036
263286 924988
814521 175531
606043 89341
14408 97500
313902 218224
685423 442579
48827 634093
596360 361816
70174 196172
850470 791711
643623 247292
621200 94688
536858 378353
631164 14564
983788 224093
521380 554821
793882 955297
120297 648741
918868 708419
388031 452247
221742 187194
623336 641471
289812 78517
74965 930140
487793 59736
616925 215721
449069 859290
11547 549855
419694 972377
98855 969595
33687 980262
163604 845502
155998 792563
143435 85817
968859 698096
707228 619957
557857 518283
950580 504542
691003 128999
160531 704107
584430 209253
597360 688271
996626 527740
235033 140220
608469 198365
219786 826661
127509 567387
297791 559833
717777 845884
291224 621863
658743 692559
6958 202688
974534 836148
493264 848396
203438 569770
47044 991139
150613 850521
473399 754072
131129 226585
853710 158995
549795 970555
829147 280261
782324 737777
269808 742089
887072 554397
98919 358032
914475 309991
784627 769172
256713 395347
285807 971670
25774 748546
732351 964677
625924 336232
588026 631892
94389 87303
448006 572435
389537 437091
892371 457218
298631 388470
391102 230782
671741 459393
617732 64695
766040 282624
134782 189457
461726 415432
35867 174161
5162 811004
23238 925501
70511 149374
579933 580551
262839 857350
32076 541255
827229 479835
242709 882338
743567 413728
403505 997721
509714 836828
739882 859997
251614 3424
792364 374403
89290 268547
268056 214418
770746 979345
715100 553164
993877 44798
763519 374818
840926 359409
998683 520930
716814 582007
28216 862856
593787 421981
795192 523265
502536 551899
285537 815468
950475 729346
120205 207350
530208 223526
611247 635223
210454 932596
770157 674518
444721 515664
140983 489170
760809 558487
418035 110039
364969 209302
872083 528120
889337 514297
845405 407480
827145 49966
546107 406406
55209 720721
293902 682504
540418 560224
696442 850543
430029 30333
375854 489186
5551 796235
217474 557200
574618 104742
513489 383141
730636 376026
114470 592865
412645 834399
936331 885456
793023 875602
965214 161494
294659 476072
209599 342590
97711 167326
47740 475733
572681 439234
547112 43506
351827 382349
472527 64954
504259 552164
750530 277308
679368 346948
228073 148844
686879 795779
60675 345486
379081 43483
290317 756084
199124 489581
478454 241125
158091 378366
460077 463888
142921 92926
33773 606182
569277 936569
932645 212959
996522 551401
507492 566038
361699 377488
111690 827154
740482 152633
151506 853853
411867 925632
180283 876787
7638 450930
244895 669386
798548 56757
932007 307951
300872 515775
806337 261812
62450 999287
936577 667009
269823 102065
700991 748252
724442 298138
181178 731768
603490 440147
748494 496404
161182 456109
341560 743573
450667 811892
415637 133798
454841 95311
443696 399785
325829 182776
380648 767382
928439 34282
660248 651405
863990 952182
486763 882098
289820 455093
940597 329413
961118 626222
203610 204745
644120 903146
372125 924431
932974 154639
33927 847633
521929 52079
870890 884674
518178 754640
550376 983361
798888 59256
499871 236147
780964 124948
593705 185769
634305 300906
874135 174503
325699 463255
904452 424026
581702 732201
664148 185943
516919 471516
50978 308299
864837 424866
169343 961938
792044 710615
601549 824026
776037 564975
872404 676852
782608 522603
465499 476451
466532 998125
691621 715948
897945 332539
48567 961998
157805 451701
988660 399434
941155 844362
944700 483531
981941 210606
954273 678000
419999 207060
847834 566425
303209 336912
321862 12405
729765 242698
16246 213482
238263 344576
297966 796620
828507 60016
423897 792539
631612 410028
801733 21775
53113 515348
219195 712529
117651 142111
871728 438701
281064 549684
187732 817425
728854 212874
538438 171515
524826 609333
761687 373887
914057 66268
486875 525433
896861 214763
958562 85026
322053 272736
412378 416245
743656 218499
586130 135069
908806 43693
769593 531382
676162 177981
137556 52394
223449 933973
608143 476486
46710 462603
875172 789022
289464 21745
648884 430317
468586 252829
253872 422714
959052 519378
42226 353950
697609 547743
541622 869716
208769 930909
67797 289808
834966 604437
680927 51882
855420 325975
944245 859569
910437 131713
890897 183273
437041 875698
27118 73705
700878 783534
57790 100535
722562 393831
563421 848488
981788 691400
270015 286435
27840 762498
818204 12809
246330 104592
326827 991970
356602 766098
425686 648578
202550 547390
244467 611956
569290 942252
47411 515025
188502 335230
169603 95904
521366 184327
445557 852134
728747 900389
811187 775315
357404 727658
868728 181762
108315 342131
784607 835195
335178 669884
280407 324219
809593 841548
964569 831420
385932 632030
650233 789724
60383 381829
440126 179044
257509 838746
347882 182140
719761 335505
952518 214275
81797 486796
524802 913204
678579 195720
983491 10092
465096 103769
931867 799977
515449 65607
561984 782331
306929 902473
341867 891414
643134 412751
698195 356465
656642 247480
592008 893555
406900 29391
832903 627874
70379 377658
869669 172348
327582 927747
457050 406687
666680 864378
755598 904740
811815 697913
690755 260120
454949 317595
847827 584742
553195 619747
373413 258434
583736 501590
276108 713762
215750 808042
355718 160074
869761 896986
170928 290815
671542 980374
386819 501460
64457 728365
52428 417748
284806 88332
804688 12011
316513 378729
580723 118782
724765 543033
485182 19864
81363 727346
86815 24368
506181 328497
315219 366075
384220 485325
436297 319472
579279 305526
588949 753051
52489 853528
108011 76632
535732 519645
394676 992030
139859 856679
545019 147808
578633 850867
975655 272061
509049 656655
983178 630762
200243 3853
57903 225389
397591 288157
494091 924431
421409 534057
757051 904297
345485 755870
278322 725861
725580 966828
461567 536807
599432 645323
648011 690208
106371 784991
358128 176425
611119 529249
309177 452950
435531 310791
732548 375814
733028 340268
962455 663405
639488 473866
426795 336788
875134 336016
71134 473124
398937 466589
378762 313301
212056 454570
445598 56804
881125 983825
671523 136121
901966 985456
885995 160767
565082 303721
168706 238922
692675 752329
919459 928975
611629 230696
555408 742792
751410 997299
680109 371531
761232 512947
347434 876997
467616 603566
762801 739544
150012 353617
80226 448407
869876 394891
615996 216989
660010 795372
75516 700561
552855 169263
325741 67867
285103 887408
537561 467761
689736 940684
243302 597255
621084 728704
900530 158521
879109 514214
284292 393574
961722 466131
330581 400038
932540 617781
125039 826456
459929 766622
173523 640584
91136 525928
158065 790085
211765 141595
796476 990626
643936 423328
463263 286077
918666 195166
292526 792873
812998 271323
920770 697432
960504 860186
535061 619464
272953 424905
849486 148770
342233 458648
459947 316410
360166 661604
485572 482326
602877 195717
348495 579170
386260 114060
784749 163705
215387 989131
499567 445104
193741 938941
950148 432149
400295 315342
600822 5429
961607 193619
836222 352223
652215 226026
416616 549472
788209 469025
939103 758561
934593 207877
738842 523449
172656 748059
617334 250774
545160 681156
261721 403136
281802 711223
883608 371704
665595 573270
398535 662105
407253 84426
59729 166782
684034 768410
780649 533787
790527 716717
568593 947097
382133 671211
255944 704994
800333 29834
645259 880364
65352 417391
96299 886845
72649 666368
995339 490773
908565 541526
618050 528330
166673 366030
531265 220184
829083 556905
701878 280816
828856 274703
986830 347739
736165 118663
937987 402488
10209 677060
370732 475525
132338 519330
768477 100945
351607 710780
937587 292681
841071 507181
869477 19768
54767 178930
667509 52263
274043 126816
634588 240876
542890 944961
327657 247480
267457 711448
859410 605926
259742 585873
190862 493057
15077 487540
468805 494821
225331 977101
379632 909867
128408 863040
54254 132677
92345 712373
103610 888504
822067 118768
811270 192842
623136 226859
207964 659851
143264 693489
410004 873945
832091 646472
971069 660548
224098 543813
754508 630932
815583 368197
230639 319304
120257 122441
765026 942693
136641 884496
721529 527755
770292 816834
657973 556942
584615 581320
580071 934601
73065 320267
21204 625696
827570 912265
14098 811842
828722 572686
994654 887511
326766 546853
680032 265623
936157 857809
951854 439186
121887 627700
504426 490881
621492 168464
819336 692807
525762 311643
414595 266988
779948 148070
536299 311986
256508 275910
55429 596478
410746 965799
84910 983133
912826 777213
343539 938152
234674 452887
708684 740104
116248 489920
377967 993633
510384 188839
988051 599548
651572 982955
401632 848403
251188 573427
432631 908481
677111 640336
564535 941859
875182 914164
572126 198922
777136 338196
935557 748085
112400 572163
15008 272074
396493 617745
942625 537390
838185 876227
854795 157112
866906 173702
500809 424251
149022 135254
504819 54728
931 334679
151066 603576
112513 966462
246979 342705
411850 240498
298299 203943
194125 564333
115817 445649
831030 910708
403256 240558
586895 606895
150505 710137
211316 857254
666720 148381
25778 194537
797858 430208
322710 784019
754934 7217
897032 974216
45661 127622
148293 687277
227065 199945
642221 485456
182993 288468
668803 541444
970515 717949
786205 387258
381877 501244
188600 699162
425068 911007
130146 626121
957106 93809
786281 789595
645288 456787
555064 959737
107484 227056
529404 149793
16339 827174
729795 127565
5581 328040
309546 162603
78155 913896
195156 7341
957700 198747
486783 947846
19593 557332
329200 970174
566695 114832
24149 651873
584009 763403
315534 202781
104933 484077
543322 402113
146502 59719
367014 622638
97292 406816
714920 20711
89928 944467
883214 274843
809571 882347
662224 333422
171948 378942
414819 567814
564524 636349
254999 412003
296439 344909
520629 82169
54714 135236
779655 549524
348260 875070
613337 482124
816661 749862
791332 54603
151420 128045
675150 982867
656773 463583
110001 414784
336410 772952
180322 78186
824814 573592
540851 399007
768584 462093
728134 752692
615166 915657
369145 125296
338188 949236
135508 968971
903907 275172
505706 518570
428756 790193
929157 812912
187457 749639
897037 505559
926631 388919
409600 477513
658521 131285
604733 513567
614404 691227
244612 134473
623420 610646
374850 732843
694238 286566
701712 193221
157050 697566
329934 224258
670904 772768
38317 246458
100394 309077
639532 138833
215676 667907
968236 87444
667764 152835
691553 466241
471842 274908
912217 101885
939003 151548
89486 577282
144433 183400
451667 565180
28596 709763
521711 937920
121518 21006
857638 901534
242309 733652
841722 153383
328799 619344
618096 125806
564502 42379
462603 196028
874052 740112
491023 760417
616820 155924
924360 942117
327056 212000
69141 926309
182430 953703
900535 955114
515824 429834
774567 166332
365752 351279
416981 252052
784010 24508
20151 510252
447789 260828
96852 534085
53218 241797
227502 389110
646885 832177
877672 79308
306076 601140
210841 650660
372671 808469
804646 441583
679605 542338
957417 638894
965411 610917
39896 853079
440181 37455
212898 387167
521123 47961
80855 425244
972445 258188
770747 127153
567638 519866
680389 714654
115773 79762
901593 77481
25573 832033
736516 2587
769280 217079
958115 985921
336966 906460
791471 859683
382968 195469
714970 593594
325064 429004
607984 958043
491216 1597
222618 754278
538035 532366
191204 620938
21624 707682
159514 581222
785974 45541
844085 662282
659073 894790
325659 550979
695614 40147
939188 467655
619221 760218
134460 467978
531352 132449
206460 766705
838989 513560
997952 934809
293117 493974
517740 154072
17547 534317
477039 561179
808459 707192
867624 505524
711060 2105
573290 94764
657572 445838
493594 331303
950741 542963
738096 817848
707214 298033
952001 284830
737068 340883
62459 278803
745001 303782
180224 885351
173498 752449
550593 925042
625366 249470
306529 652682
614825 159800
2995 524577
832372 61145
243329 321259
989757 876893
300568 340473
846038 502363
747871 135815
659136 90451
834416 881489
74155 497935
908032 582625
734674 372662
