2
10
-16807 282475249 144108930 470211272
458777923 -7237709
-784484492 -74243042
441282327 16531729
-896544303 -474833169
-817129560 131570933
-893351816 505795335
563613512 -101929267
-358580979 -624379149
-530511967 110010672
399125485 -156091745
10
-585640194 -937186357 510616708 590357944
44788124 -927702196
-942727722 83454666
-118797801 60806853
35308228 -158374933
-595028635 962408013
-20739063 -107554536
-777724115 -269220094
-864546517 351934195
146319451 -908194298
753799505 102246882
